Understanding timeseries_dataset_from_array()
raw_data:  [  0   1   2   3   4   5   6   7   8   9  10  11  12  13  14  15  16  17
  18  19  20  21  22  23  24  25  26  27  28  29  30  31  32  33  34  35
  36  37  38  39  40  41  42  43  44  45  46  47  48  49  50  51  52  53
  54  55  56  57  58  59  60  61  62  63  64  65  66  67  68  69  70  71
  72  73  74  75  76  77  78  79  80  81  82  83  84  85  86  87  88  89
  90  91  92  93  94  95  96  97  98  99 100 101 102 103 104 105 106 107
 108 109 110 111 112 113 114 115 116 117 118 119 120 121 122 123 124 125
 126 127 128 129 130 131 132 133 134 135 136 137 138 139 140 141 142 143
 144 145 146 147 148 149 150 151 152 153 154 155 156 157 158 159 160 161
 162 163 164 165 166 167 168 169 170 171 172 173 174 175 176 177 178 179
 180 181 182 183 184 185 186 187 188 189 190 191 192 193 194 195 196 197
 198 199 200 201 202 203 204 205 206 207 208 209 210 211 212 213 214 215
 216 217 218 219 220 221 222 223 224 225 226 227 228 229 230 231 232 233
 234 235 236 237 238 239 240 241 242 243 244 245 246 247 248 249 250 251
 252 253 254 255 256 257 258 259 260 261 262 263 264 265 266 267 268 269
 270 271 272 273 274 275 276 277 278 279 280 281 282 283 284 285 286 287
 288 289 290 291 292 293 294 295 296 297 298 299]
raw_data[:-3]:  [  0   1   2   3   4   5   6   7   8   9  10  11  12  13  14  15  16  17
  18  19  20  21  22  23  24  25  26  27  28  29  30  31  32  33  34  35
  36  37  38  39  40  41  42  43  44  45  46  47  48  49  50  51  52  53
  54  55  56  57  58  59  60  61  62  63  64  65  66  67  68  69  70  71
  72  73  74  75  76  77  78  79  80  81  82  83  84  85  86  87  88  89
  90  91  92  93  94  95  96  97  98  99 100 101 102 103 104 105 106 107
 108 109 110 111 112 113 114 115 116 117 118 119 120 121 122 123 124 125
 126 127 128 129 130 131 132 133 134 135 136 137 138 139 140 141 142 143
 144 145 146 147 148 149 150 151 152 153 154 155 156 157 158 159 160 161
 162 163 164 165 166 167 168 169 170 171 172 173 174 175 176 177 178 179
 180 181 182 183 184 185 186 187 188 189 190 191 192 193 194 195 196 197
 198 199 200 201 202 203 204 205 206 207 208 209 210 211 212 213 214 215
 216 217 218 219 220 221 222 223 224 225 226 227 228 229 230 231 232 233
 234 235 236 237 238 239 240 241 242 243 244 245 246 247 248 249 250 251
 252 253 254 255 256 257 258 259 260 261 262 263 264 265 266 267 268 269
 270 271 272 273 274 275 276 277 278 279 280 281 282 283 284 285 286 287
 288 289 290 291 292 293 294 295 296]
raw_data[3:]:  [  3   4   5   6   7   8   9  10  11  12  13  14  15  16  17  18  19  20
  21  22  23  24  25  26  27  28  29  30  31  32  33  34  35  36  37  38
  39  40  41  42  43  44  45  46  47  48  49  50  51  52  53  54  55  56
  57  58  59  60  61  62  63  64  65  66  67  68  69  70  71  72  73  74
  75  76  77  78  79  80  81  82  83  84  85  86  87  88  89  90  91  92
  93  94  95  96  97  98  99 100 101 102 103 104 105 106 107 108 109 110
 111 112 113 114 115 116 117 118 119 120 121 122 123 124 125 126 127 128
 129 130 131 132 133 134 135 136 137 138 139 140 141 142 143 144 145 146
 147 148 149 150 151 152 153 154 155 156 157 158 159 160 161 162 163 164
 165 166 167 168 169 170 171 172 173 174 175 176 177 178 179 180 181 182
 183 184 185 186 187 188 189 190 191 192 193 194 195 196 197 198 199 200
 201 202 203 204 205 206 207 208 209 210 211 212 213 214 215 216 217 218
 219 220 221 222 223 224 225 226 227 228 229 230 231 232 233 234 235 236
 237 238 239 240 241 242 243 244 245 246 247 248 249 250 251 252 253 254
 255 256 257 258 259 260 261 262 263 264 265 266 267 268 269 270 271 272
 273 274 275 276 277 278 279 280 281 282 283 284 285 286 287 288 289 290
 291 292 293 294 295 296 297 298 299]
train_dataset: <BatchDataset element_spec=(TensorSpec(shape=(None, None), dtype=tf.int64, name=None), TensorSpec(shape=(None,), dtype=tf.int64, name=None))>
Listing 10.8 Inspecting the output of one of our datasets
sample size:  25
samples.shape:  (5, 5)
[0, 1, 2, 3, 4] 3
[1, 2, 3, 4, 5] 4
[2, 3, 4, 5, 6] 5
[3, 4, 5, 6, 7] 6
[4, 5, 6, 7, 8] 7
sample size:  25
samples.shape:  (5, 5)
[5, 6, 7, 8, 9] 8
[6, 7, 8, 9, 10] 9
[7, 8, 9, 10, 11] 10
[8, 9, 10, 11, 12] 11
[9, 10, 11, 12, 13] 12
sample size:  25
samples.shape:  (5, 5)
[10, 11, 12, 13, 14] 13
[11, 12, 13, 14, 15] 14
[12, 13, 14, 15, 16] 15
[13, 14, 15, 16, 17] 16
[14, 15, 16, 17, 18] 17
sample size:  25
samples.shape:  (5, 5)
[15, 16, 17, 18, 19] 18
[16, 17, 18, 19, 20] 19
[17, 18, 19, 20, 21] 20
[18, 19, 20, 21, 22] 21
[19, 20, 21, 22, 23] 22
sample size:  25
samples.shape:  (5, 5)
[20, 21, 22, 23, 24] 23
[21, 22, 23, 24, 25] 24
[22, 23, 24, 25, 26] 25
[23, 24, 25, 26, 27] 26
[24, 25, 26, 27, 28] 27
sample size:  25
samples.shape:  (5, 5)
[25, 26, 27, 28, 29] 28
[26, 27, 28, 29, 30] 29
[27, 28, 29, 30, 31] 30
[28, 29, 30, 31, 32] 31
[29, 30, 31, 32, 33] 32
sample size:  25
samples.shape:  (5, 5)
[30, 31, 32, 33, 34] 33
[31, 32, 33, 34, 35] 34
[32, 33, 34, 35, 36] 35
[33, 34, 35, 36, 37] 36
[34, 35, 36, 37, 38] 37
sample size:  25
samples.shape:  (5, 5)
[35, 36, 37, 38, 39] 38
[36, 37, 38, 39, 40] 39
[37, 38, 39, 40, 41] 40
[38, 39, 40, 41, 42] 41
[39, 40, 41, 42, 43] 42
sample size:  25
samples.shape:  (5, 5)
[40, 41, 42, 43, 44] 43
[41, 42, 43, 44, 45] 44
[42, 43, 44, 45, 46] 45
[43, 44, 45, 46, 47] 46
[44, 45, 46, 47, 48] 47
sample size:  25
samples.shape:  (5, 5)
[45, 46, 47, 48, 49] 48
[46, 47, 48, 49, 50] 49
[47, 48, 49, 50, 51] 50
[48, 49, 50, 51, 52] 51
[49, 50, 51, 52, 53] 52
sample size:  25
samples.shape:  (5, 5)
[50, 51, 52, 53, 54] 53
[51, 52, 53, 54, 55] 54
[52, 53, 54, 55, 56] 55
[53, 54, 55, 56, 57] 56
[54, 55, 56, 57, 58] 57
sample size:  25
samples.shape:  (5, 5)
[55, 56, 57, 58, 59] 58
[56, 57, 58, 59, 60] 59
[57, 58, 59, 60, 61] 60
[58, 59, 60, 61, 62] 61
[59, 60, 61, 62, 63] 62
sample size:  25
samples.shape:  (5, 5)
[60, 61, 62, 63, 64] 63
[61, 62, 63, 64, 65] 64
[62, 63, 64, 65, 66] 65
[63, 64, 65, 66, 67] 66
[64, 65, 66, 67, 68] 67
sample size:  25
samples.shape:  (5, 5)
[65, 66, 67, 68, 69] 68
[66, 67, 68, 69, 70] 69
[67, 68, 69, 70, 71] 70
[68, 69, 70, 71, 72] 71
[69, 70, 71, 72, 73] 72
sample size:  25
samples.shape:  (5, 5)
[70, 71, 72, 73, 74] 73
[71, 72, 73, 74, 75] 74
[72, 73, 74, 75, 76] 75
[73, 74, 75, 76, 77] 76
[74, 75, 76, 77, 78] 77
sample size:  25
samples.shape:  (5, 5)
[75, 76, 77, 78, 79] 78
[76, 77, 78, 79, 80] 79
[77, 78, 79, 80, 81] 80
[78, 79, 80, 81, 82] 81
[79, 80, 81, 82, 83] 82
sample size:  25
samples.shape:  (5, 5)
[80, 81, 82, 83, 84] 83
[81, 82, 83, 84, 85] 84
[82, 83, 84, 85, 86] 85
[83, 84, 85, 86, 87] 86
[84, 85, 86, 87, 88] 87
sample size:  25
samples.shape:  (5, 5)
[85, 86, 87, 88, 89] 88
[86, 87, 88, 89, 90] 89
[87, 88, 89, 90, 91] 90
[88, 89, 90, 91, 92] 91
[89, 90, 91, 92, 93] 92
sample size:  25
samples.shape:  (5, 5)
[90, 91, 92, 93, 94] 93
[91, 92, 93, 94, 95] 94
[92, 93, 94, 95, 96] 95
[93, 94, 95, 96, 97] 96
[94, 95, 96, 97, 98] 97
sample size:  25
samples.shape:  (5, 5)
[95, 96, 97, 98, 99] 98
[96, 97, 98, 99, 100] 99
[97, 98, 99, 100, 101] 100
[98, 99, 100, 101, 102] 101
[99, 100, 101, 102, 103] 102
sample size:  25
samples.shape:  (5, 5)
[100, 101, 102, 103, 104] 103
[101, 102, 103, 104, 105] 104
[102, 103, 104, 105, 106] 105
[103, 104, 105, 106, 107] 106
[104, 105, 106, 107, 108] 107
sample size:  25
samples.shape:  (5, 5)
[105, 106, 107, 108, 109] 108
[106, 107, 108, 109, 110] 109
[107, 108, 109, 110, 111] 110
[108, 109, 110, 111, 112] 111
[109, 110, 111, 112, 113] 112
sample size:  25
samples.shape:  (5, 5)
[110, 111, 112, 113, 114] 113
[111, 112, 113, 114, 115] 114
[112, 113, 114, 115, 116] 115
[113, 114, 115, 116, 117] 116
[114, 115, 116, 117, 118] 117
sample size:  10
samples.shape:  (2, 5)
[115, 116, 117, 118, 119] 118
[116, 117, 118, 119, 120] 119
